,Under 5 years,5 to 9 years,10 to 14 years,15 to 19 years,20 to 24 years,25 to 29 years,30 to 34 years,35 to 39 years,40 to 44 years,45 to 49 years,50 to 54 years,55 to 59 years,60 to 64 years,65 to 69 years,70 to 74 years,75 to 79 years,80 to 84 years,85 years and over
Alabama,0.059059,0.064064,0.062062,0.069069,0.067067,0.067067,0.062062,0.062062,0.061061,0.065065,0.068068,0.070070,0.062062,0.055055,0.040040,0.028028,0.020020,0.018018
Alaska,0.071000,0.072000,0.069000,0.066000,0.077000,0.086000,0.078000,0.066000,0.058000,0.059000,0.066000,0.073000,0.056000,0.043000,0.028000,0.015000,0.008000,0.009000
Arizona,0.063000,0.066000,0.066000,0.069000,0.069000,0.069000,0.065000,0.064000,0.059000,0.061000,0.061000,0.060000,0.060000,0.056000,0.042000,0.031000,0.021000,0.018000
Arkansas,0.063063,0.067067,0.066066,0.072072,0.065065,0.065065,0.063063,0.062062,0.060060,0.062062,0.065065,0.065065,0.061061,0.055055,0.040040,0.029029,0.020020,0.019019
California,0.063063,0.064064,0.065065,0.066066,0.072072,0.078078,0.072072,0.068068,0.064064,0.067067,0.066066,0.063063,0.056056,0.046046,0.032032,0.023023,0.016016,0.018018
Colorado,0.060060,0.065065,0.064064,0.064064,0.070070,0.077077,0.075075,0.071071,0.064064,0.065065,0.065065,0.067067,0.059059,0.051051,0.032032,0.022022,0.014014,0.014014
Connecticut,0.052000,0.056000,0.063000,0.070000,0.070000,0.061000,0.061000,0.057000,0.061000,0.070000,0.077000,0.074000,0.067000,0.053000,0.037000,0.026000,0.020000,0.025000
Delaware,0.058058,0.057057,0.062062,0.064064,0.062062,0.070070,0.065065,0.053053,0.062062,0.063063,0.069069,0.073073,0.065065,0.063063,0.043043,0.032032,0.019019,0.019019
Florida,0.054108,0.055110,0.057114,0.059118,0.061122,0.066132,0.063126,0.060120,0.059118,0.064128,0.069138,0.069138,0.064128,0.062124,0.049098,0.036072,0.025050,0.026052
Georgia,0.064000,0.068000,0.070000,0.071000,0.069000,0.070000,0.066000,0.068000,0.066000,0.068000,0.068000,0.064000,0.056000,0.049000,0.034000,0.022000,0.014000,0.013000
Hawaii,0.064064,0.060060,0.058058,0.055055,0.069069,0.074074,0.070070,0.064064,0.061061,0.061061,0.063063,0.064064,0.065065,0.059059,0.038038,0.027027,0.020020,0.027027
Idaho,0.068000,0.075000,0.072000,0.072000,0.067000,0.066000,0.065000,0.065000,0.057000,0.059000,0.059000,0.063000,0.060000,0.054000,0.038000,0.025000,0.018000,0.017000
Illinois,0.060060,0.063063,0.065065,0.067067,0.068068,0.070070,0.068068,0.065065,0.064064,0.066066,0.068068,0.067067,0.062062,0.049049,0.035035,0.024024,0.018018,0.020020
Indiana,0.063000,0.067000,0.066000,0.070000,0.072000,0.066000,0.063000,0.063000,0.060000,0.063000,0.067000,0.068000,0.062000,0.052000,0.035000,0.026000,0.018000,0.019000
Iowa,0.063000,0.065000,0.065000,0.070000,0.071000,0.062000,0.064000,0.063000,0.055000,0.060000,0.065000,0.068000,0.065000,0.053000,0.037000,0.028000,0.021000,0.025000
Kansas,0.067864,0.069860,0.067864,0.070858,0.072854,0.063872,0.065868,0.063872,0.057884,0.057884,0.062874,0.066866,0.060878,0.050898,0.033932,0.025948,0.017964,0.021956
Kentucky,0.061938,0.062937,0.063936,0.068931,0.066933,0.064935,0.061938,0.062937,0.061938,0.065934,0.068931,0.068931,0.063936,0.054945,0.037962,0.026973,0.018981,0.016983
Louisiana,0.066000,0.065000,0.068000,0.067000,0.069000,0.073000,0.070000,0.066000,0.059000,0.060000,0.065000,0.067000,0.061000,0.049000,0.037000,0.025000,0.017000,0.016000
Maine,0.048048,0.056056,0.052052,0.062062,0.056056,0.060060,0.058058,0.055055,0.059059,0.068068,0.076076,0.082082,0.075075,0.069069,0.045045,0.030030,0.022022,0.026026
Maryland,0.059880,0.062874,0.061876,0.063872,0.065868,0.069860,0.068862,0.066866,0.060878,0.068862,0.072854,0.069860,0.061876,0.050898,0.034930,0.024950,0.016966,0.017964
Massachusetts,0.053000,0.053000,0.059000,0.068000,0.073000,0.071000,0.068000,0.060000,0.061000,0.068000,0.073000,0.071000,0.064000,0.051000,0.039000,0.026000,0.019000,0.023000
Michigan,0.058000,0.060000,0.062000,0.068000,0.071000,0.066000,0.060000,0.059000,0.058000,0.065000,0.071000,0.073000,0.067000,0.056000,0.039000,0.027000,0.019000,0.021000
Minnesota,0.063872,0.066866,0.063872,0.064870,0.065868,0.065868,0.068862,0.065868,0.057884,0.062874,0.068862,0.070858,0.062874,0.050898,0.034930,0.023952,0.018962,0.021956
Mississippi,0.063000,0.069000,0.070000,0.074000,0.071000,0.065000,0.062000,0.063000,0.062000,0.061000,0.064000,0.065000,0.061000,0.053000,0.037000,0.026000,0.017000,0.017000
Missouri,0.061000,0.063000,0.065000,0.068000,0.067000,0.067000,0.064000,0.063000,0.058000,0.062000,0.068000,0.071000,0.063000,0.053000,0.039000,0.027000,0.020000,0.021000
Montana,0.058941,0.060939,0.062937,0.062937,0.070929,0.059940,0.061938,0.059940,0.054945,0.058941,0.063936,0.074925,0.072927,0.061938,0.042957,0.029970,0.019980,0.020979
Nebraska,0.068931,0.069930,0.069930,0.067932,0.070929,0.064935,0.068931,0.063936,0.058941,0.056943,0.062937,0.064935,0.061938,0.048951,0.033966,0.023976,0.019980,0.021978
Nevada,0.062124,0.064128,0.065130,0.061122,0.063126,0.073146,0.071142,0.067134,0.066132,0.067134,0.066132,0.064128,0.060120,0.054108,0.040080,0.026052,0.016032,0.013026
New Hampshire,0.048048,0.056056,0.054054,0.066066,0.066066,0.061061,0.059059,0.059059,0.055055,0.070070,0.081081,0.083083,0.071071,0.061061,0.040040,0.027027,0.020020,0.022022
New Jersey,0.057942,0.061938,0.062937,0.063936,0.063936,0.063936,0.064935,0.066933,0.061938,0.069930,0.073926,0.071928,0.061938,0.050949,0.036963,0.025974,0.017982,0.021978
New Mexico,0.060000,0.066000,0.068000,0.069000,0.068000,0.068000,0.065000,0.062000,0.058000,0.057000,0.063000,0.067000,0.064000,0.058000,0.040000,0.029000,0.019000,0.019000
New York,0.059000,0.058000,0.058000,0.063000,0.070000,0.076000,0.070000,0.065000,0.060000,0.067000,0.071000,0.068000,0.062000,0.051000,0.036000,0.025000,0.019000,0.022000
North Carolina,0.059059,0.064064,0.065065,0.068068,0.067067,0.067067,0.063063,0.064064,0.065065,0.068068,0.068068,0.066066,0.061061,0.054054,0.039039,0.027027,0.018018,0.016016
North Dakota,0.072072,0.066066,0.059059,0.064064,0.085085,0.081081,0.072072,0.061061,0.053053,0.052052,0.063063,0.067067,0.059059,0.046046,0.031031,0.026026,0.018018,0.024024
Ohio,0.059940,0.060939,0.063936,0.065934,0.066933,0.066933,0.061938,0.060939,0.057942,0.063936,0.068931,0.072927,0.065934,0.054945,0.037962,0.027972,0.019980,0.021978
Oklahoma,0.067134,0.069138,0.069138,0.068136,0.071142,0.069138,0.068136,0.062124,0.059118,0.059118,0.063126,0.066132,0.059118,0.050100,0.037074,0.026052,0.019038,0.017034
Oregon,0.057057,0.059059,0.059059,0.061061,0.065065,0.070070,0.070070,0.069069,0.061061,0.063063,0.062062,0.065065,0.069069,0.062062,0.040040,0.028028,0.017017,0.022022
Pennsylvania,0.055944,0.056943,0.058941,0.064935,0.064935,0.067932,0.062937,0.059940,0.055944,0.064935,0.070929,0.073926,0.067932,0.056943,0.039960,0.028971,0.021978,0.025974
Rhode Island,0.051051,0.049049,0.061061,0.070070,0.074074,0.071071,0.064064,0.057057,0.059059,0.066066,0.073073,0.075075,0.065065,0.053053,0.039039,0.025025,0.021021,0.026026
South Carolina,0.058058,0.062062,0.063063,0.067067,0.066066,0.068068,0.062062,0.064064,0.059059,0.063063,0.067067,0.067067,0.065065,0.061061,0.043043,0.028028,0.018018,0.018018
South Dakota,0.069930,0.070929,0.066933,0.068931,0.068931,0.064935,0.063936,0.060939,0.052947,0.054945,0.062937,0.069930,0.064935,0.054945,0.033966,0.025974,0.019980,0.023976
Tennessee,0.061122,0.062124,0.064128,0.065130,0.067134,0.069138,0.064128,0.064128,0.062124,0.066132,0.068136,0.067134,0.063126,0.055110,0.039078,0.028056,0.018036,0.016032
Texas,0.072072,0.073073,0.074074,0.072072,0.071071,0.073073,0.072072,0.068068,0.066066,0.064064,0.062062,0.060060,0.052052,0.042042,0.030030,0.021021,0.014014,0.013013
Utah,0.083000,0.088000,0.083000,0.079000,0.083000,0.074000,0.073000,0.074000,0.060000,0.053000,0.049000,0.050000,0.046000,0.037000,0.025000,0.018000,0.013000,0.012000
Vermont,0.049000,0.053000,0.054000,0.067000,0.073000,0.060000,0.055000,0.055000,0.058000,0.065000,0.074000,0.079000,0.076000,0.064000,0.046000,0.030000,0.019000,0.023000
Virginia,0.060000,0.062000,0.062000,0.067000,0.069000,0.069000,0.068000,0.066000,0.064000,0.067000,0.071000,0.068000,0.061000,0.051000,0.036000,0.025000,0.017000,0.017000
Washington,0.061938,0.063936,0.060939,0.061938,0.065934,0.074925,0.071928,0.068931,0.060939,0.064935,0.065934,0.066933,0.062937,0.052947,0.036963,0.023976,0.015984,0.017982
West Virginia,0.056000,0.056000,0.058000,0.062000,0.063000,0.060000,0.058000,0.059000,0.063000,0.064000,0.069000,0.074000,0.071000,0.065000,0.046000,0.033000,0.020000,0.023000
Wisconsin,0.058000,0.062000,0.063000,0.066000,0.070000,0.062000,0.064000,0.062000,0.057000,0.063000,0.072000,0.074000,0.066000,0.054000,0.038000,0.027000,0.020000,0.022000
Wyoming,0.065065,0.075075,0.064064,0.064064,0.065065,0.069069,0.069069,0.062062,0.061061,0.057057,0.061061,0.067067,0.071071,0.052052,0.039039,0.025025,0.016016,0.017017
