,Under 5 years,5 to 9 years,10 to 14 years,15 to 19 years,20 to 24 years,25 to 29 years,30 to 34 years,35 to 39 years,40 to 44 years,45 to 49 years,50 to 54 years,55 to 59 years,60 to 64 years,65 to 69 years,70 to 74 years,75 to 79 years,80 to 84 years,85 years and over
Alabama,0.059264,0.061361,0.064539,0.068963,0.066945,0.066402,0.062605,0.062702,0.059562,0.063668,0.065637,0.067657,0.065924,0.055125,0.043529,0.028972,0.020187,0.016958
Alaska,0.071532,0.073657,0.065891,0.064556,0.073426,0.084763,0.074942,0.075380,0.055905,0.056648,0.063726,0.066239,0.061087,0.046640,0.030189,0.016345,0.010910,0.008164
Arizona,0.062005,0.062592,0.068247,0.067901,0.067764,0.071184,0.064690,0.063028,0.059466,0.061168,0.060042,0.061836,0.058924,0.056231,0.043703,0.032782,0.019774,0.018662
Arkansas,0.062125,0.066548,0.066459,0.069709,0.066647,0.065733,0.061681,0.063343,0.060146,0.061598,0.063519,0.064698,0.062355,0.054161,0.042899,0.032136,0.018370,0.017873
California,0.062231,0.062436,0.065708,0.064990,0.069836,0.079021,0.073198,0.068453,0.063902,0.065934,0.064571,0.063125,0.057361,0.046435,0.034466,0.023467,0.016639,0.018226
Colorado,0.059316,0.061754,0.065937,0.064485,0.066866,0.077789,0.076865,0.071312,0.064613,0.065666,0.061806,0.065564,0.060041,0.049721,0.036123,0.022706,0.014424,0.015010
Connecticut,0.050776,0.054365,0.062450,0.068073,0.069318,0.061922,0.061856,0.060576,0.056859,0.069017,0.074600,0.074696,0.067971,0.052734,0.041764,0.027140,0.020148,0.025734
Delaware,0.057080,0.059176,0.059876,0.062297,0.061229,0.072083,0.064048,0.062536,0.052926,0.061080,0.068380,0.069785,0.069434,0.060938,0.047549,0.032747,0.019184,0.019652
Florida,0.053817,0.054351,0.057203,0.058523,0.060328,0.066626,0.062414,0.061733,0.059108,0.064067,0.067523,0.069411,0.064022,0.060638,0.051106,0.037948,0.025187,0.025996
Georgia,0.062825,0.066027,0.070552,0.071310,0.068075,0.070208,0.066077,0.068760,0.063955,0.068638,0.067352,0.064426,0.057383,0.047920,0.035543,0.023814,0.014124,0.013012
Hawaii,0.062746,0.060300,0.058887,0.053690,0.065450,0.073532,0.070817,0.066919,0.060459,0.060397,0.061217,0.065988,0.061844,0.059002,0.042474,0.028791,0.021899,0.025587
Idaho,0.067694,0.069596,0.076750,0.073613,0.064808,0.065245,0.063780,0.067458,0.058147,0.058491,0.057051,0.063847,0.060577,0.054186,0.039216,0.024514,0.017718,0.017309
Illinois,0.059940,0.060723,0.065944,0.066042,0.067220,0.070246,0.067656,0.067432,0.061230,0.064878,0.066216,0.067837,0.062504,0.049954,0.037815,0.025933,0.018987,0.019443
Indiana,0.062931,0.065145,0.067250,0.069547,0.069844,0.067199,0.063000,0.063694,0.059075,0.063585,0.064808,0.067142,0.063199,0.052940,0.037022,0.026818,0.017338,0.019461
Iowa,0.063141,0.064535,0.065555,0.069767,0.071363,0.062740,0.062124,0.062242,0.056801,0.059646,0.062080,0.069573,0.063659,0.054123,0.038417,0.028193,0.021827,0.024214
Kansas,0.066269,0.071216,0.066592,0.069476,0.072671,0.067449,0.064407,0.063567,0.058166,0.056955,0.060864,0.065283,0.063487,0.050032,0.037723,0.025302,0.018588,0.021954
Kentucky,0.062044,0.062671,0.064244,0.067617,0.065646,0.067792,0.061024,0.062474,0.062278,0.064263,0.066905,0.070886,0.062969,0.054561,0.040672,0.028739,0.018258,0.016956
Louisiana,0.065370,0.065267,0.066604,0.068696,0.067954,0.070310,0.069406,0.068233,0.057351,0.059316,0.063951,0.065472,0.063467,0.052435,0.037400,0.025737,0.016914,0.016118
Maine,0.048199,0.052180,0.055029,0.061596,0.055595,0.059684,0.059122,0.057342,0.055778,0.065331,0.073019,0.081313,0.076142,0.067887,0.051254,0.032182,0.022338,0.026009
Maryland,0.060030,0.060206,0.064100,0.063100,0.063952,0.069548,0.068794,0.066740,0.060906,0.067836,0.071707,0.070798,0.063148,0.049921,0.038129,0.025964,0.017097,0.018023
Massachusetts,0.052528,0.053102,0.057793,0.067066,0.071450,0.072921,0.068795,0.061724,0.060110,0.066086,0.071293,0.070914,0.064723,0.052582,0.040137,0.026771,0.018980,0.023024
Michigan,0.057454,0.058325,0.063068,0.066868,0.069775,0.067694,0.059421,0.059595,0.056582,0.064789,0.068556,0.072161,0.068571,0.055630,0.042564,0.028558,0.019512,0.020877
Minnesota,0.063454,0.064824,0.065983,0.064888,0.063302,0.067044,0.069026,0.068035,0.057694,0.061548,0.065573,0.070739,0.063871,0.051742,0.036629,0.026743,0.017974,0.020931
Mississippi,0.061146,0.065112,0.071818,0.075489,0.069840,0.062936,0.058616,0.068121,0.058517,0.060740,0.063660,0.065680,0.062256,0.053423,0.040309,0.028033,0.017920,0.016382
Missouri,0.061176,0.061374,0.065549,0.066355,0.066679,0.068384,0.064838,0.062602,0.056669,0.060950,0.065569,0.069893,0.064711,0.054390,0.041085,0.030448,0.019194,0.020135
Montana,0.058454,0.061052,0.062471,0.061660,0.067482,0.064039,0.062251,0.063103,0.055921,0.056093,0.061291,0.069359,0.075752,0.063209,0.045566,0.032266,0.020206,0.019826
Nebraska,0.068580,0.068039,0.071097,0.067080,0.069369,0.067605,0.067322,0.067605,0.055285,0.056645,0.060804,0.065717,0.061263,0.050991,0.036426,0.026795,0.018106,0.021273
Nevada,0.061392,0.064700,0.063445,0.060468,0.061819,0.073909,0.071540,0.068693,0.064730,0.067165,0.065160,0.065506,0.058482,0.052911,0.042683,0.027773,0.015869,0.013757
New Hampshire,0.047307,0.050656,0.057721,0.064603,0.066272,0.061233,0.060809,0.056571,0.056393,0.069038,0.077030,0.084378,0.071998,0.062696,0.043876,0.026703,0.019985,0.022732
New Jersey,0.057782,0.059255,0.063760,0.063943,0.062967,0.064619,0.064455,0.066014,0.062771,0.069009,0.072897,0.071105,0.064135,0.049588,0.039419,0.027669,0.019270,0.021341
New Mexico,0.060547,0.064639,0.069302,0.070107,0.069013,0.065654,0.065597,0.063791,0.056006,0.056415,0.058420,0.067773,0.065151,0.056871,0.044740,0.028593,0.019395,0.017985
New York,0.058319,0.056315,0.058613,0.062335,0.068118,0.076414,0.070863,0.065455,0.059068,0.064972,0.069099,0.067838,0.063339,0.050952,0.039046,0.027622,0.019214,0.022418
North Carolina,0.058518,0.061269,0.064794,0.067647,0.067260,0.068308,0.063308,0.064123,0.062931,0.068572,0.066733,0.066643,0.061232,0.054215,0.041950,0.027319,0.017797,0.017381
North Dakota,0.069900,0.065469,0.061451,0.062350,0.084344,0.078960,0.072456,0.060823,0.057534,0.052483,0.056488,0.064221,0.064366,0.046364,0.034983,0.024705,0.020887,0.022214
Ohio,0.059624,0.060277,0.063893,0.066603,0.064968,0.068306,0.062533,0.062162,0.056465,0.063877,0.066469,0.070902,0.067552,0.055936,0.039994,0.029180,0.019911,0.021347
Oklahoma,0.066795,0.067340,0.069773,0.069557,0.068559,0.070018,0.066965,0.065326,0.058414,0.058531,0.060564,0.064895,0.060336,0.050120,0.039299,0.028028,0.018076,0.017403
Oregon,0.056062,0.058596,0.060553,0.060943,0.063543,0.070002,0.069647,0.069398,0.063240,0.063979,0.061018,0.064557,0.067352,0.060079,0.044329,0.029324,0.018297,0.019080
Pennsylvania,0.055056,0.055435,0.060849,0.064299,0.064598,0.067743,0.063585,0.058964,0.057331,0.064236,0.068507,0.072168,0.069451,0.057657,0.042210,0.030676,0.021442,0.025792
Rhode Island,0.051922,0.052078,0.055777,0.070697,0.074036,0.071797,0.065755,0.062964,0.053290,0.064189,0.070439,0.071148,0.069275,0.056116,0.039279,0.026422,0.022772,0.022044
South Carolina,0.057627,0.061236,0.063104,0.067034,0.065569,0.067908,0.061159,0.063455,0.059896,0.062199,0.066007,0.066053,0.066428,0.059963,0.047044,0.030133,0.018588,0.016595
South Dakota,0.069521,0.069409,0.067337,0.065729,0.067337,0.066718,0.066737,0.066481,0.048484,0.053884,0.060540,0.069017,0.065655,0.054475,0.039406,0.026507,0.020363,0.022399
Tennessee,0.060323,0.060455,0.065195,0.065799,0.065013,0.070662,0.064144,0.065747,0.059603,0.065776,0.067016,0.066925,0.063959,0.054087,0.041603,0.028808,0.018052,0.016830
Texas,0.071372,0.071173,0.074381,0.071716,0.070143,0.073666,0.071990,0.069665,0.065756,0.064386,0.060661,0.059130,0.053526,0.041981,0.031870,0.021114,0.014242,0.013228
Utah,0.081593,0.083428,0.084477,0.078778,0.082706,0.076129,0.070055,0.074067,0.062684,0.054382,0.047814,0.048553,0.047270,0.037421,0.027659,0.018585,0.012429,0.011970
Vermont,0.048257,0.051034,0.056092,0.064165,0.076111,0.060897,0.057540,0.059656,0.051362,0.062175,0.070550,0.077243,0.077074,0.063681,0.050101,0.031756,0.020987,0.021318
Virginia,0.059265,0.060623,0.063158,0.065043,0.069596,0.068859,0.068704,0.068589,0.062193,0.066526,0.068224,0.067175,0.061914,0.052375,0.037622,0.025918,0.016936,0.017278
Washington,0.061441,0.062812,0.061676,0.060215,0.064935,0.076236,0.073019,0.070953,0.061021,0.064689,0.063069,0.065369,0.063634,0.053073,0.039280,0.024569,0.016776,0.017234
West Virginia,0.053907,0.057402,0.059424,0.063301,0.061423,0.059607,0.055269,0.060490,0.061013,0.064642,0.066282,0.068753,0.075426,0.066775,0.047542,0.035445,0.022190,0.021110
Wisconsin,0.057629,0.059995,0.064557,0.065485,0.069350,0.062271,0.063191,0.064233,0.056365,0.062497,0.068842,0.074077,0.066521,0.055896,0.039649,0.027581,0.020050,0.021812
Wyoming,0.065439,0.069553,0.066454,0.066530,0.062784,0.067759,0.070028,0.063601,0.058269,0.053757,0.058414,0.075846,0.065455,0.055982,0.039359,0.026963,0.015691,0.018116
